0  INT  0  4.000000
1  JMP  0  2.000000
2  INT  0  8.000000
3  LIT  -1  1.000000
4  STO  0  7.000000
5  LIT  -1  2.000000
6  STO  0  8.000000
7  LIT  -1  0.000000
8  STO  0  11.000000
9  LIT  -1  1.000000
10  STO  0  10.000000
11  LOD  0  10.000000
12  LIT  -1  3.000000
13  OPR  0  9.000000
14  JPC  0  216.000000
15  LIT  -1  32.000000
16  LIT  -1  115.000000
17  LIT  -1  114.000000
18  LIT  -1  101.000000
19  LIT  -1  116.000000
20  LIT  -1  116.000000
21  LIT  -1  101.000000
22  LIT  -1  108.000000
23  LIT  -1  32.000000
24  LIT  -1  111.000000
25  LIT  -1  119.000000
26  LIT  -1  116.000000
27  LIT  -1  32.000000
28  LIT  -1  116.000000
29  LIT  -1  117.000000
30  LIT  -1  112.000000
31  LIT  -1  110.000000
32  LIT  -1  73.000000
33  WRT  0  2.000000
34  WRT  0  2.000000
35  WRT  0  2.000000
36  WRT  0  2.000000
37  WRT  0  2.000000
38  WRT  0  2.000000
39  WRT  0  2.000000
40  WRT  0  2.000000
41  WRT  0  2.000000
42  WRT  0  2.000000
43  WRT  0  2.000000
44  WRT  0  2.000000
45  WRT  0  2.000000
46  WRT  0  2.000000
47  WRT  0  2.000000
48  WRT  0  2.000000
49  WRT  0  2.000000
50  WRT  0  2.000000
51  WRT  0  3.000000
52  RED  0  2.000000
53  STO  0  4.000000
54  RED  0  2.000000
55  STO  0  5.000000
56  LOD  0  4.000000
57  LIT  -1  97.000000
58  OPR  0  11.000000
59  JPC  0  94.000000
60  LOD  0  4.000000
61  LIT  -1  109.000000
62  OPR  0  9.000000
63  JPC  0  74.000000
64  LOD  0  4.000000
65  LIT  -1  97.000000
66  OPR  0  3.000000
67  LIT  -1  97.000000
68  OPR  0  2.000000
69  STO  0  9.000000
70  LOD  0  9.000000
71  WRT  0  0.000000
72  WRT  0  3.000000
73  JMP  0  93.000000
74  LIT  -1  32.000000
75  LIT  -1  109.000000
76  LIT  -1  32.000000
77  LIT  -1  114.000000
78  LIT  -1  101.000000
79  LIT  -1  116.000000
80  LIT  -1  102.000000
81  LIT  -1  65.000000
82  LIT  -1  32.000000
83  WRT  0  2.000000
84  WRT  0  2.000000
85  WRT  0  2.000000
86  WRT  0  2.000000
87  WRT  0  2.000000
88  WRT  0  2.000000
89  WRT  0  2.000000
90  WRT  0  2.000000
91  WRT  0  2.000000
92  WRT  0  3.000000
93  JMP  0  155.000000
94  LOD  0  4.000000
95  LIT  -1  65.000000
96  OPR  0  11.000000
97  JPC  0  134.000000
98  LOD  0  4.000000
99  LIT  -1  77.000000
100  OPR  0  9.000000
101  JPC  0  112.000000
102  LOD  0  4.000000
103  LIT  -1  65.000000
104  OPR  0  3.000000
105  LIT  -1  65.000000
106  OPR  0  2.000000
107  STO  0  9.000000
108  LOD  0  9.000000
109  WRT  0  0.000000
110  WRT  0  3.000000
111  JMP  0  133.000000
112  LIT  -1  32.000000
113  LIT  -1  77.000000
114  LIT  -1  32.000000
115  LIT  -1  114.000000
116  LIT  -1  101.000000
117  LIT  -1  116.000000
118  LIT  -1  102.000000
119  LIT  -1  65.000000
120  LIT  -1  32.000000
121  LIT  -1  32.000000
122  WRT  0  2.000000
123  WRT  0  2.000000
124  WRT  0  2.000000
125  WRT  0  2.000000
126  WRT  0  2.000000
127  WRT  0  2.000000
128  WRT  0  2.000000
129  WRT  0  2.000000
130  WRT  0  2.000000
131  WRT  0  2.000000
132  WRT  0  3.000000
133  JMP  0  155.000000
134  LIT  -1  32.000000
135  LIT  -1  100.000000
136  LIT  -1  105.000000
137  LIT  -1  108.000000
138  LIT  -1  97.000000
139  LIT  -1  118.000000
140  LIT  -1  110.000000
141  LIT  -1  73.000000
142  LIT  -1  32.000000
143  WRT  0  2.000000
144  WRT  0  2.000000
145  WRT  0  2.000000
146  WRT  0  2.000000
147  WRT  0  2.000000
148  WRT  0  2.000000
149  WRT  0  2.000000
150  WRT  0  2.000000
151  WRT  0  2.000000
152  WRT  0  3.000000
153  LIT  -1  1.000000
154  STO  0  11.000000
155  LOD  0  4.000000
156  LOD  0  5.000000
157  OPR  0  9.000000
158  JPC  0  180.000000
159  LIT  -1  3.500000
160  LOD  0  7.000000
161  OPR  0  4.000000
162  LIT  -1  4.600000
163  LOD  0  8.000000
164  OPR  0  4.000000
165  OPR  0  2.000000
166  LIT  -1  3.500000
167  LOD  0  8.000000
168  OPR  0  4.000000
169  OPR  0  3.000000
170  LIT  -1  4.600000
171  LOD  0  7.000000
172  OPR  0  4.000000
173  OPR  0  3.000000
174  LIT  -1  3.500000
175  LIT  -1  4.600000
176  OPR  0  2.000000
177  OPR  0  5.000000
178  STO  0  6.000000
179  JMP  0  200.000000
180  LIT  -1  3.500000
181  LOD  0  8.000000
182  OPR  0  4.000000
183  LIT  -1  4.600000
184  LOD  0  7.000000
185  OPR  0  4.000000
186  OPR  0  2.000000
187  LIT  -1  3.500000
188  LOD  0  7.000000
189  OPR  0  4.000000
190  OPR  0  3.000000
191  LIT  -1  4.600000
192  LOD  0  8.000000
193  OPR  0  4.000000
194  OPR  0  3.000000
195  LIT  -1  3.500000
196  LIT  -1  4.600000
197  OPR  0  2.000000
198  OPR  0  5.000000
199  STO  0  6.000000
200  LOD  0  11.000000
201  LIT  -1  0.000000
202  OPR  0  6.000000
203  JPC  0  208.000000
204  LOD  0  6.000000
205  WRT  0  1.000000
206  WRT  0  3.000000
207  JMP  0  211.000000
208  LIT  -1  0.000000
209  WRT  0  0.000000
210  WRT  0  3.000000
211  LOD  0  10.000000
212  LIT  -1  1.000000
213  OPR  0  2.000000
214  STO  0  10.000000
215  JMP  0  11.000000
216  OPR  0  0.000000
